y(m)  Ex_total(V/m)  Ey_total(V/m)  Ex_dipole(V/m)  Ey_dipole(V/m)  Ex_quadrupole(V/m)  Ey_quadrupole(V/m)  Ex_sextupole(V/m)  Ey_sextupole(V/m)  Ex_octupole(V/m)  Ey_octupole(V/m)
-2.999999999999999889e-02 0.000000000000000000e+00 -1.445089193369999994e+06 -2.273736754432320595e-13 -1.439760084574431181e+06 0.000000000000000000e+00 3.421521027279406990e+00 -0.000000000000000000e+00 -1.004379752095611366e+04 8.054895878590859278e-11 -7.447740456816040577e+00
-2.900000000000000147e-02 0.000000000000000000e+00 -1.444938747979999986e+06 -2.273736754432320595e-13 -1.439760084574431181e+06 0.000000000000000000e+00 3.307470326370093971e+00 -0.000000000000000000e+00 -9.385370794582324379e+03 7.275957614183425903e-11 -6.727516370418015867e+00
-2.800000000000000058e-02 0.000000000000000000e+00 -1.444818455589999910e+06 -2.273736754432320595e-13 -1.439760084574431181e+06 0.000000000000000000e+00 3.193419625460780065e+00 -0.000000000000000000e+00 -8.749263618255105030e+03 6.548928678771353750e-11 -6.055288833630583234e+00
-2.699999999999999969e-02 0.000000000000000000e+00 -1.444670811230000108e+06 -2.273736754432320595e-13 -1.439760084574431181e+06 0.000000000000000000e+00 3.079368924551466602e+00 -0.000000000000000000e+00 -8.135475991974451972e+03 5.872019095492736039e-11 -5.429402793018892837e+00
-2.599999999999999881e-02 0.000000000000000000e+00 -1.444494797670000000e+06 -2.273736754432320595e-13 -1.439760084574431181e+06 0.000000000000000000e+00 2.965318223642152695e+00 -0.000000000000000000e+00 -7.544007915740369754e+03 5.243438887485664052e-11 -4.848203195148101052e+00
-2.500000000000000139e-02 0.000000000000000000e+00 -1.444303884929999942e+06 -2.273736754432320595e-13 -1.439760084574431181e+06 0.000000000000000000e+00 2.851267522732839677e+00 -0.000000000000000000e+00 -6.974859389552858374e+03 4.661398077888229718e-11 -4.310034986583358041e+00
-2.400000000000000050e-02 0.000000000000000000e+00 -1.444105061519999988e+06 -2.273736754432320595e-13 -1.439760084574431181e+06 0.000000000000000000e+00 2.737216821823525770e+00 -0.000000000000000000e+00 -6.428030413411913287e+03 4.124106689838519795e-11 -3.813243113889812630e+00
-2.299999999999999961e-02 0.000000000000000000e+00 -1.443882182319999905e+06 -2.273736754432320595e-13 -1.439760084574431181e+06 0.000000000000000000e+00 2.623166120914212307e+00 -0.000000000000000000e+00 -5.903520987317538129e+03 3.629774746474628797e-11 -3.356172523632620752e+00
-2.199999999999999872e-02 0.000000000000000000e+00 -1.443649122919999994e+06 -2.273736754432320595e-13 -1.439760084574431181e+06 0.000000000000000000e+00 2.509115420004898400e+00 -0.000000000000000000e+00 -5.401331111269731991e+03 3.176612270934646712e-11 -2.937168162376933012e+00
-2.100000000000000130e-02 0.000000000000000000e+00 -1.443414742069999920e+06 -2.273736754432320595e-13 -1.439760084574431181e+06 0.000000000000000000e+00 2.395064719095585382e+00 -0.000000000000000000e+00 -4.921460785268496693e+03 2.762829286356665146e-11 -2.554574976687902232e+00
-2.000000000000000042e-02 0.000000000000000000e+00 -1.443180698120000074e+06 -2.273736754432320595e-13 -1.439760084574431181e+06 0.000000000000000000e+00 2.281014018186271475e+00 -0.000000000000000000e+00 -4.463910009313828596e+03 2.386635815878773443e-11 -2.206737913130679019e+00
-1.899999999999999953e-02 0.000000000000000000e+00 -1.442929391409999924e+06 -2.273736754432320595e-13 -1.439760084574431181e+06 0.000000000000000000e+00 2.166963317276958012e+00 -0.000000000000000000e+00 -4.028678783405729973e+03 2.046241882639063207e-11 -1.892001918270415528e+00
-1.799999999999999864e-02 0.000000000000000000e+00 -1.442687050009999890e+06 -2.273736754432320595e-13 -1.439760084574431181e+06 0.000000000000000000e+00 2.052912616367644105e+00 -0.000000000000000000e+00 -3.615767107544200826e+03 1.739857509775625074e-11 -1.608711938672264363e+00
-1.700000000000000122e-02 0.000000000000000000e+00 -1.442438140700000105e+06 -2.273736754432320595e-13 -1.439760084574431181e+06 0.000000000000000000e+00 1.938861915458330865e+00 -0.000000000000000000e+00 -3.225174981729241608e+03 1.465692720426551943e-11 -1.355212920901378348e+00
-1.600000000000000033e-02 0.000000000000000000e+00 -1.442181068669999950e+06 -2.273736754432320595e-13 -1.439760084574431181e+06 0.000000000000000000e+00 1.824811214549017180e+00 -0.000000000000000000e+00 -2.856902405960850047e+03 1.221957537729931863e-11 -1.129849811522907643e+00
-1.499999999999999944e-02 0.000000000000000000e+00 -1.441928974510000087e+06 -2.273736754432320595e-13 -1.439760084574431181e+06 0.000000000000000000e+00 1.710760513639703495e+00 -0.000000000000000000e+00 -2.510949380239028415e+03 1.006861984823857410e-11 -9.309675571020050722e-01
-1.400000000000000029e-02 0.000000000000000000e+00 -1.441701986520000035e+06 -2.273736754432320595e-13 -1.439760084574431181e+06 0.000000000000000000e+00 1.596709812730390032e+00 -0.000000000000000000e+00 -2.187315904563776257e+03 8.186160848464192187e-12 -7.569111042038229042e-01
-1.299999999999999940e-02 0.000000000000000000e+00 -1.441449298870000057e+06 -2.273736754432320595e-13 -1.439760084574431181e+06 0.000000000000000000e+00 1.482659111821076348e+00 -0.000000000000000000e+00 -1.886001978935092438e+03 6.554298609357080065e-12 -6.060253993935126315e-01
-1.200000000000000025e-02 0.000000000000000000e+00 -1.441242918749999953e+06 -2.273736754432320595e-13 -1.439760084574431181e+06 0.000000000000000000e+00 1.368608410911762885e+00 -0.000000000000000000e+00 -1.607007603352978322e+03 5.155133362298149744e-12 -4.766553892362265787e-01
-1.099999999999999936e-02 0.000000000000000000e+00 -1.441009472839999944e+06 -2.273736754432320595e-13 -1.439760084574431181e+06 0.000000000000000000e+00 1.254557710002449200e+00 -0.000000000000000000e+00 -1.350332777817432998e+03 3.970765338668308390e-12 -3.671460202971166265e-01
-1.000000000000000021e-02 0.000000000000000000e+00 -1.440810340409999946e+06 -2.273736754432320595e-13 -1.439760084574431181e+06 0.000000000000000000e+00 1.140507009093135737e+00 -0.000000000000000000e+00 -1.115977502328457149e+03 2.983294769848466803e-12 -2.758422391413348773e-01
-8.999999999999999320e-03 0.000000000000000000e+00 -1.440618800280000083e+06 -2.273736754432320595e-13 -1.439760084574431181e+06 0.000000000000000000e+00 1.026456308183822053e+00 -0.000000000000000000e+00 -9.039417768860502065e+02 2.174821887219531343e-12 -2.010889923340330454e-01
-8.000000000000000167e-03 0.000000000000000000e+00 -1.440445705820000032e+06 -2.273736754432320595e-13 -1.439760084574431181e+06 0.000000000000000000e+00 9.124056072745085899e-01 -0.000000000000000000e+00 -7.142256014902125116e+02 1.527446922162414829e-12 -1.412312264403634554e-01
-7.000000000000000146e-03 0.000000000000000000e+00 -1.440294561969999922e+06 -2.273736754432320595e-13 -1.439760084574431181e+06 0.000000000000000000e+00 7.983549063651950162e-01 -0.000000000000000000e+00 -5.468289761409440644e+02 1.023270106058024023e-12 -9.461388802547786303e-02
-6.000000000000000125e-03 0.000000000000000000e+00 -1.440158349239999894e+06 -2.273736754432320595e-13 -1.439760084574431181e+06 0.000000000000000000e+00 6.843042054558814424e-01 -0.000000000000000000e+00 -4.017519008382445804e+02 6.443916702872687180e-13 -5.958192365452832234e-02
-5.000000000000000104e-03 0.000000000000000000e+00 -1.440036288799999980e+06 -2.273736754432320595e-13 -1.439760084574431181e+06 0.000000000000000000e+00 5.702535045465678687e-01 -0.000000000000000000e+00 -2.789943755821142872e+02 3.729118462310583504e-13 -3.448027989266685966e-02
-4.000000000000000083e-03 0.000000000000000000e+00 -1.439936445049999980e+06 -2.273736754432320595e-13 -1.439760084574431181e+06 0.000000000000000000e+00 4.562028036372542950e-01 -0.000000000000000000e+00 -1.785564003725531279e+02 1.909308652703018536e-13 -1.765390330504543193e-02
-3.000000000000000062e-03 0.000000000000000000e+00 -1.439857735090000089e+06 -2.273736754432320595e-13 -1.439760084574431181e+06 0.000000000000000000e+00 3.421521027279407212e-01 -0.000000000000000000e+00 -1.004379752095611451e+02 8.054895878590858975e-14 -7.447740456816040293e-03
-2.000000000000000042e-03 0.000000000000000000e+00 -1.439801634790000040e+06 -2.273736754432320595e-13 -1.439760084574431181e+06 0.000000000000000000e+00 2.281014018186271475e-01 -0.000000000000000000e+00 -4.463910009313828198e+01 2.386635815878773170e-14 -2.206737913130678991e-03
-1.000000000000000021e-03 0.000000000000000000e+00 -1.439770808100000024e+06 -2.273736754432320595e-13 -1.439760084574431181e+06 0.000000000000000000e+00 1.140507009093135737e-01 -0.000000000000000000e+00 -1.115977502328457049e+01 2.983294769848466462e-15 -2.758422391413348738e-04
0.000000000000000000e+00 0.000000000000000000e+00 -1.439757550839999923e+06 -2.273736754432320595e-13 -1.439760084574431181e+06 0.000000000000000000e+00 -0.000000000000000000e+00 0.000000000000000000e+00 -0.000000000000000000e+00 0.000000000000000000e+00 -0.000000000000000000e+00
1.000000000000000021e-03 0.000000000000000000e+00 -1.439771116099999985e+06 -2.273736754432320595e-13 -1.439760084574431181e+06 0.000000000000000000e+00 -1.140507009093135737e-01 0.000000000000000000e+00 -1.115977502328457049e+01 -2.983294769848466462e-15 2.758422391413348738e-04
2.000000000000000042e-03 0.000000000000000000e+00 -1.439804282439999981e+06 -2.273736754432320595e-13 -1.439760084574431181e+06 0.000000000000000000e+00 -2.281014018186271475e-01 0.000000000000000000e+00 -4.463910009313828198e+01 -2.386635815878773170e-14 2.206737913130678991e-03
3.000000000000000062e-03 0.000000000000000000e+00 -1.439855347270000027e+06 -2.273736754432320595e-13 -1.439760084574431181e+06 0.000000000000000000e+00 -3.421521027279407212e-01 0.000000000000000000e+00 -1.004379752095611451e+02 -8.054895878590858975e-14 7.447740456816040293e-03
4.000000000000000083e-03 0.000000000000000000e+00 -1.439933061720000114e+06 -2.273736754432320595e-13 -1.439760084574431181e+06 0.000000000000000000e+00 -4.562028036372542950e-01 0.000000000000000000e+00 -1.785564003725531279e+02 -1.909308652703018536e-13 1.765390330504543193e-02
5.000000000000000104e-03 0.000000000000000000e+00 -1.440035289339999901e+06 -2.273736754432320595e-13 -1.439760084574431181e+06 0.000000000000000000e+00 -5.702535045465678687e-01 0.000000000000000000e+00 -2.789943755821142872e+02 -3.729118462310583504e-13 3.448027989266685966e-02
6.000000000000000125e-03 0.000000000000000000e+00 -1.440148863540000049e+06 -2.273736754432320595e-13 -1.439760084574431181e+06 0.000000000000000000e+00 -6.843042054558814424e-01 0.000000000000000000e+00 -4.017519008382445804e+02 -6.443916702872687180e-13 5.958192365452832234e-02
7.000000000000000146e-03 0.000000000000000000e+00 -1.440289419250000035e+06 -2.273736754432320595e-13 -1.439760084574431181e+06 0.000000000000000000e+00 -7.983549063651950162e-01 0.000000000000000000e+00 -5.468289761409440644e+02 -1.023270106058024023e-12 9.461388802547786303e-02
8.000000000000000167e-03 0.000000000000000000e+00 -1.440449736749999924e+06 -2.273736754432320595e-13 -1.439760084574431181e+06 0.000000000000000000e+00 -9.124056072745085899e-01 0.000000000000000000e+00 -7.142256014902125116e+02 -1.527446922162414829e-12 1.412312264403634554e-01
8.999999999999999320e-03 0.000000000000000000e+00 -1.440620936960000079e+06 -2.273736754432320595e-13 -1.439760084574431181e+06 0.000000000000000000e+00 -1.026456308183822053e+00 0.000000000000000000e+00 -9.039417768860502065e+02 -2.174821887219531343e-12 2.010889923340330454e-01
1.000000000000000021e-02 0.000000000000000000e+00 -1.440809052140000043e+06 -2.273736754432320595e-13 -1.439760084574431181e+06 0.000000000000000000e+00 -1.140507009093135737e+00 0.000000000000000000e+00 -1.115977502328457149e+03 -2.983294769848466803e-12 2.758422391413348773e-01
1.099999999999999936e-02 0.000000000000000000e+00 -1.441024887360000052e+06 -2.273736754432320595e-13 -1.439760084574431181e+06 0.000000000000000000e+00 -1.254557710002449200e+00 0.000000000000000000e+00 -1.350332777817432998e+03 -3.970765338668308390e-12 3.671460202971166265e-01
1.200000000000000025e-02 0.000000000000000000e+00 -1.441215976299999980e+06 -2.273736754432320595e-13 -1.439760084574431181e+06 0.000000000000000000e+00 -1.368608410911762885e+00 0.000000000000000000e+00 -1.607007603352978322e+03 -5.155133362298149744e-12 4.766553892362265787e-01
1.299999999999999940e-02 0.000000000000000000e+00 -1.441451627400000114e+06 -2.273736754432320595e-13 -1.439760084574431181e+06 0.000000000000000000e+00 -1.482659111821076348e+00 0.000000000000000000e+00 -1.886001978935092438e+03 -6.554298609357080065e-12 6.060253993935126315e-01
1.400000000000000029e-02 0.000000000000000000e+00 -1.441684089380000019e+06 -2.273736754432320595e-13 -1.439760084574431181e+06 0.000000000000000000e+00 -1.596709812730390032e+00 0.000000000000000000e+00 -2.187315904563776257e+03 -8.186160848464192187e-12 7.569111042038229042e-01
1.499999999999999944e-02 0.000000000000000000e+00 -1.441930512859999901e+06 -2.273736754432320595e-13 -1.439760084574431181e+06 0.000000000000000000e+00 -1.710760513639703495e+00 0.000000000000000000e+00 -2.510949380239028415e+03 -1.006861984823857410e-11 9.309675571020050722e-01
1.600000000000000033e-02 0.000000000000000000e+00 -1.442172138550000032e+06 -2.273736754432320595e-13 -1.439760084574431181e+06 0.000000000000000000e+00 -1.824811214549017180e+00 0.000000000000000000e+00 -2.856902405960850047e+03 -1.221957537729931863e-11 1.129849811522907643e+00
1.700000000000000122e-02 0.000000000000000000e+00 -1.442425086159999948e+06 -2.273736754432320595e-13 -1.439760084574431181e+06 0.000000000000000000e+00 -1.938861915458330865e+00 0.000000000000000000e+00 -3.225174981729241608e+03 -1.465692720426551943e-11 1.355212920901378348e+00
1.799999999999999864e-02 0.000000000000000000e+00 -1.442682535309999948e+06 -2.273736754432320595e-13 -1.439760084574431181e+06 0.000000000000000000e+00 -2.052912616367644105e+00 0.000000000000000000e+00 -3.615767107544200826e+03 -1.739857509775625074e-11 1.608711938672264363e+00
1.899999999999999953e-02 0.000000000000000000e+00 -1.442931874079999980e+06 -2.273736754432320595e-13 -1.439760084574431181e+06 0.000000000000000000e+00 -2.166963317276958012e+00 0.000000000000000000e+00 -4.028678783405729973e+03 -2.046241882639063207e-11 1.892001918270415528e+00
2.000000000000000042e-02 0.000000000000000000e+00 -1.443169893990000011e+06 -2.273736754432320595e-13 -1.439760084574431181e+06 0.000000000000000000e+00 -2.281014018186271475e+00 0.000000000000000000e+00 -4.463910009313828596e+03 -2.386635815878773443e-11 2.206737913130679019e+00
2.100000000000000130e-02 0.000000000000000000e+00 -1.443426359979999950e+06 -2.273736754432320595e-13 -1.439760084574431181e+06 0.000000000000000000e+00 -2.395064719095585382e+00 0.000000000000000000e+00 -4.921460785268496693e+03 -2.762829286356665146e-11 2.554574976687902232e+00
2.199999999999999872e-02 0.000000000000000000e+00 -1.443651410429999931e+06 -2.273736754432320595e-13 -1.439760084574431181e+06 0.000000000000000000e+00 -2.509115420004898400e+00 0.000000000000000000e+00 -5.401331111269731991e+03 -3.176612270934646712e-11 2.937168162376933012e+00
2.299999999999999961e-02 0.000000000000000000e+00 -1.443874550599999959e+06 -2.273736754432320595e-13 -1.439760084574431181e+06 0.000000000000000000e+00 -2.623166120914212307e+00 0.000000000000000000e+00 -5.903520987317538129e+03 -3.629774746474628797e-11 3.356172523632620752e+00
2.400000000000000050e-02 0.000000000000000000e+00 -1.444103609699999914e+06 -2.273736754432320595e-13 -1.439760084574431181e+06 0.000000000000000000e+00 -2.737216821823525770e+00 0.000000000000000000e+00 -6.428030413411913287e+03 -4.124106689838519795e-11 3.813243113889812630e+00
2.500000000000000139e-02 0.000000000000000000e+00 -1.444299495869999984e+06 -2.273736754432320595e-13 -1.439760084574431181e+06 0.000000000000000000e+00 -2.851267522732839677e+00 0.000000000000000000e+00 -6.974859389552858374e+03 -4.661398077888229718e-11 4.310034986583358041e+00
2.599999999999999881e-02 0.000000000000000000e+00 -1.444490306499999948e+06 -2.273736754432320595e-13 -1.439760084574431181e+06 0.000000000000000000e+00 -2.965318223642152695e+00 0.000000000000000000e+00 -7.544007915740369754e+03 -5.243438887485664052e-11 4.848203195148101052e+00
2.699999999999999969e-02 0.000000000000000000e+00 -1.444660003460000036e+06 -2.273736754432320595e-13 -1.439760084574431181e+06 0.000000000000000000e+00 -3.079368924551466602e+00 0.000000000000000000e+00 -8.135475991974451972e+03 -5.872019095492736039e-11 5.429402793018892837e+00
2.800000000000000058e-02 0.000000000000000000e+00 -1.444816296980000101e+06 -2.273736754432320595e-13 -1.439760084574431181e+06 0.000000000000000000e+00 -3.193419625460780065e+00 0.000000000000000000e+00 -8.749263618255105030e+03 -6.548928678771353750e-11 6.055288833630583234e+00
2.900000000000000147e-02 0.000000000000000000e+00 -1.444930332560000010e+06 -2.273736754432320595e-13 -1.439760084574431181e+06 0.000000000000000000e+00 -3.307470326370093971e+00 0.000000000000000000e+00 -9.385370794582324379e+03 -7.275957614183425903e-11 6.727516370418015867e+00
2.999999999999999889e-02 0.000000000000000000e+00 -1.445081189849999966e+06 -2.273736754432320595e-13 -1.439760084574431181e+06 0.000000000000000000e+00 -3.421521027279406990e+00 0.000000000000000000e+00 -1.004379752095611366e+04 -8.054895878590859278e-11 7.447740456816040577e+00
