y(m)  Ex_total(V/m)  Ey_total(V/m)  Ex_dipole(V/m)  Ey_dipole(V/m)  Ex_quadrupole(V/m)  Ey_quadrupole(V/m)  Ex_sextupole(V/m)  Ey_sextupole(V/m)  Ex_octupole(V/m)  Ey_octupole(V/m)
-3.000000000000000062e-03 0.000000000000000000e+00 -1.447443885950000025e+06 -7.460698725481051952e-14 -7.717425032035298645e+05 -1.881713176081920214e-12 4.740118912321537209e+04 1.362619886128286895e-13 5.132921686270135524e+02 -4.027447939295429488e-14 -1.624442204682267743e+02
-2.000000000000000042e-03 0.000000000000000000e+00 -1.447447907859999919e+06 -7.460698725481051952e-14 -7.717425032035298645e+05 -1.254475450721280210e-12 3.160079274881024685e+04 6.056088382792386619e-14 2.281298527231170965e+02 -1.193317907939386585e-14 -4.813162087947460321e+01
-1.000000000000000021e-03 0.000000000000000000e+00 -1.447450487949999981e+06 -7.460698725481051952e-14 -7.717425032035298645e+05 -6.272377253606401049e-13 1.580039637440512342e+04 1.514022095698096655e-14 5.703246318077927413e+01 -1.491647384924233231e-15 -6.016452609934325402e+00
5.551115123129999641e-19 0.000000000000000000e+00 -1.447451801900000079e+06 -7.460698725481051952e-14 -7.717425032035298645e+05 3.481868823047110438e-28 -8.770981926540869211e-12 4.665440784917298408e-45 1.757448458275075000e-29 2.551566393814966850e-61 1.029155981811916613e-45
1.000000000000000021e-03 0.000000000000000000e+00 -1.447451485140000004e+06 -7.460698725481051952e-14 -7.717425032035298645e+05 6.272377253606401049e-13 -1.580039637440512342e+04 1.514022095698096655e-14 5.703246318077927413e+01 1.491647384924233231e-15 6.016452609934325402e+00
2.000000000000000042e-03 0.000000000000000000e+00 -1.447449651180000044e+06 -7.460698725481051952e-14 -7.717425032035298645e+05 1.254475450721280210e-12 -3.160079274881024685e+04 6.056088382792386619e-14 2.281298527231170965e+02 1.193317907939386585e-14 4.813162087947460321e+01
3.000000000000000062e-03 0.000000000000000000e+00 -1.447446307299999986e+06 -7.460698725481051952e-14 -7.717425032035298645e+05 1.881713176081920214e-12 -4.740118912321537209e+04 1.362619886128286895e-13 5.132921686270135524e+02 4.027447939295429488e-14 1.624442204682267743e+02
4.000000000000000083e-03 0.000000000000000000e+00 -1.447441432899999898e+06 -7.460698725481051952e-14 -7.717425032035298645e+05 2.508950901442560420e-12 -6.320158549762049370e+04 2.422435353116954648e-13 9.125194108924683860e+02 9.546543263515092680e-14 3.850529670357968257e+02
5.000000000000000104e-03 0.000000000000000000e+00 -1.447434829840000020e+06 -7.460698725481051952e-14 -7.717425032035298645e+05 3.136188626803200625e-12 -7.900198187202561530e+04 3.785055239245241542e-13 1.425811579519481938e+03 1.864559231155291752e-13 7.520565762417908218e+02
6.000000000000000125e-03 0.000000000000000000e+00 -1.447426383369999938e+06 -7.460698725481051952e-14 -7.717425032035298645e+05 3.763426352163840427e-12 -9.480237824643074418e+04 5.450479544513147578e-13 2.053168674508054210e+03 3.221958351436343590e-13 1.299553763745814194e+03
7.000000000000000146e-03 0.000000000000000000e+00 -1.447415541040000040e+06 -7.460698725481051952e-14 -7.717425032035298645e+05 4.390664077524481037e-12 -1.106027746208358585e+05 7.418708268920674271e-13 2.794590695858184972e+03 5.116350530290120117e-13 2.063643245207473683e+03
8.000000000000000167e-03 0.000000000000000000e+00 -1.447402480960000074e+06 -7.460698725481051952e-14 -7.717425032035298645e+05 5.017901802885120839e-12 -1.264031709952409874e+05 9.689741412467818590e-13 3.650077643569873544e+03 7.637234610812074144e-13 3.080423736286374606e+03
8.999999999999999320e-03 0.000000000000000000e+00 -1.447388322089999914e+06 -7.460698725481051952e-14 -7.717425032035298645e+05 5.645139528245760641e-12 -1.422035673696461017e+05 1.226357897515458054e-12 4.619629517643121289e+03 1.087410943609765671e-12 4.385993952642122167e+03
1.000000000000000021e-02 0.000000000000000000e+00 -1.447369771939999890e+06 -7.460698725481051952e-14 -7.717425032035298645e+05 6.272377253606401251e-12 -1.580039637440512306e+05 1.514022095698096617e-12 5.703246318077927754e+03 1.491647384924233402e-12 6.016452609934326574e+03
1.099999999999999936e-02 0.000000000000000000e+00 -1.447350443609999958e+06 -7.460698725481051952e-14 -7.717425032035298645e+05 6.899614978967040245e-12 -1.738043601184563595e+05 1.831966735794696539e-12 6.900928044874292027e+03 1.985382669334154195e-12 8.007898423822585755e+03
1.200000000000000025e-02 0.000000000000000000e+00 -1.447329088459999999e+06 -7.460698725481051952e-14 -7.717425032035298645e+05 7.526852704327680855e-12 -1.896047564928614884e+05 2.180191817805259031e-12 8.212674698032216838e+03 2.577566681149074872e-12 1.039643010996651356e+04
1.299999999999999940e-02 0.000000000000000000e+00 -1.447303307060000021e+06 -7.460698725481051952e-14 -7.717425032035298645e+05 8.154090429688321465e-12 -2.054051528672665881e+05 2.558697341729783287e-12 9.638486277551697640e+03 3.277149304678540033e-12 1.321814638402571109e+04
1.400000000000000029e-02 0.000000000000000000e+00 -1.447274555880000116e+06 -7.460698725481051952e-14 -7.717425032035298645e+05 8.781328155048962074e-12 -2.212055492416717170e+05 2.967483307568269708e-12 1.117836278343273989e+04 4.093080424232096094e-12 1.650914596165978946e+04
1.499999999999999944e-02 0.000000000000000000e+00 -1.447241688540000003e+06 -7.460698725481051952e-14 -7.717425032035298645e+05 9.408565880409601068e-12 -2.370059456160768459e+05 3.406549715320717489e-12 1.283230421567533813e+04 5.034309924119287049e-12 2.030552755852834525e+04
1.600000000000000033e-02 0.000000000000000000e+00 -1.447208390339999925e+06 -7.460698725481051952e-14 -7.717425032035298645e+05 1.003580360577024168e-11 -2.528063419904819748e+05 3.875896564987127436e-12 1.460031057427949418e+04 6.109787688649659315e-12 2.464338989029099685e+04
1.700000000000000122e-02 0.000000000000000000e+00 -1.447173376930000028e+06 -7.460698725481051952e-14 -7.717425032035298645e+05 1.066304133113088229e-11 -2.686067383648871328e+05 4.375523856567499550e-12 1.648238185924521167e+04 7.328463602132759713e-12 2.955883167260734626e+04
1.799999999999999864e-02 0.000000000000000000e+00 -1.447131565600000089e+06 -7.460698725481051952e-14 -7.717425032035298645e+05 1.129027905649152128e-11 -2.844071347392922034e+05 4.905431590061832215e-12 1.847851807057248516e+04 8.699287548878125371e-12 3.508795162113697734e+04
1.899999999999999953e-02 0.000000000000000000e+00 -1.447087790749999927e+06 -7.460698725481051952e-14 -7.717425032035298645e+05 1.191751678185216189e-11 -3.002075311136973323e+05 5.465619765470128662e-12 2.058871920826131827e+04 1.023120941319531603e-11 4.126684845153953938e+04
2.000000000000000042e-02 0.000000000000000000e+00 -1.447043953879999928e+06 -7.460698725481051952e-14 -7.717425032035298645e+05 1.254475450721280250e-11 -3.160079274881024612e+05 6.056088382792386468e-12 2.281298527231171101e+04 1.193317907939386721e-11 4.813162087947461259e+04
2.100000000000000130e-02 0.000000000000000000e+00 -1.446997973269999959e+06 -7.460698725481051952e-14 -7.717425032035298645e+05 1.317199223257344311e-11 -3.318083238625075901e+05 6.676837442028606440e-12 2.515131626272366339e+04 1.381414643178332573e-11 5.571836762060179899e+04
2.199999999999999872e-02 0.000000000000000000e+00 -1.446947749090000056e+06 -7.460698725481051952e-14 -7.717425032035298645e+05 1.379922995793408049e-11 -3.476087202369127190e+05 7.327866943178786156e-12 2.760371217949716811e+04 1.588306135467323356e-11 6.406318739058068604e+04
2.299999999999999961e-02 0.000000000000000000e+00 -1.446902668689999962e+06 -7.460698725481051952e-14 -7.717425032035298645e+05 1.442646768329472110e-11 -3.634091166113178479e+05 8.009176886242931269e-12 3.017017302263223610e+04 1.814887373237314398e-11 7.320217890507093398e+04
2.400000000000000050e-02 0.000000000000000000e+00 -1.446853554879999952e+06 -7.460698725481051952e-14 -7.717425032035298645e+05 1.505370540865536171e-11 -3.792095129857229767e+05 8.720767271221036125e-12 3.285069879212886735e+04 2.062053344919259898e-11 8.317144087973210844e+04
2.500000000000000139e-02 0.000000000000000000e+00 -1.446798474269999890e+06 -7.460698725481051952e-14 -7.717425032035298645e+05 1.568094313401600232e-11 -3.950099093601281056e+05 9.462638098113105572e-12 3.564528948798705824e+04 2.330699038944114859e-11 9.400707203022384783e+04
2.599999999999999881e-02 0.000000000000000000e+00 -1.446751522779999999e+06 -7.460698725481051952e-14 -7.717425032035298645e+05 1.630818085937664293e-11 -4.108103057345331763e+05 1.023478936691913315e-11 3.855394511020679056e+04 2.621719443742832026e-11 1.057451710722056887e+05
2.699999999999999969e-02 0.000000000000000000e+00 -1.446703544909999939e+06 -7.460698725481051952e-14 -7.717425032035298645e+05 1.693541858473728354e-11 -4.266107021089383052e+05 1.103722107763912369e-11 4.157666565878809342e+04 2.936009547746368019e-11 1.184218367213373131e+05
2.800000000000000058e-02 0.000000000000000000e+00 -1.446656417600000044e+06 -7.460698725481051952e-14 -7.717425032035298645e+05 1.756265631009792415e-11 -4.424110984833434341e+05 1.186993323027307883e-11 4.471345113373095955e+04 3.274464339385676875e-11 1.320731676932783157e+05
2.900000000000000147e-02 0.000000000000000000e+00 -1.446621419890000019e+06 -7.460698725481051952e-14 -7.717425032035298645e+05 1.818989403545856476e-11 -4.582114948577486211e+05 1.273292582482099372e-11 4.796430153503537440e+04 3.637978807091712952e-11 1.467352627036882623e+05
2.999999999999999889e-02 0.000000000000000000e+00 -1.446564004470000044e+06 -7.460698725481051952e-14 -7.717425032035298645e+05 1.881713176081920214e-11 -4.740118912321536918e+05 1.362619886128286996e-11 5.132921686270135251e+04 4.027447939295429639e-11 1.624442204682267620e+05
3.099999999999999978e-02 0.000000000000000000e+00 -1.446514549379999982e+06 -7.460698725481051952e-14 -7.717425032035298645e+05 1.944436948617984275e-11 -4.898122876065588207e+05 1.454975233965870756e-11 5.480819711672888661e+04 4.443766724427782912e-11 1.792361397025534534e+05
3.200000000000000067e-02 -6.203594787399999869e-16 -1.446486757650000043e+06 -7.460698725481051952e-14 -7.717425032035298645e+05 2.007160721154048336e-11 -5.056126839809639496e+05 1.550358625994850974e-11 5.840124229711797670e+04 4.887830150919727452e-11 1.971471191223279748e+05
3.300000000000000155e-02 2.513918873349999834e-15 -1.446464102059999947e+06 -7.460698725481051952e-14 -7.717425032035298645e+05 2.069884493690112397e-11 -5.214130803553690785e+05 1.648770062215227491e-11 6.210835240386864461e+04 5.360533207202217942e-11 2.162132574432098772e+05
3.400000000000000244e-02 0.000000000000000000e+00 -1.446442110730000073e+06 -7.460698725481051952e-14 -7.717425032035298645e+05 2.132608266226176458e-11 -5.372134767297742656e+05 1.750209542626999820e-11 6.592952743698084669e+04 5.862770881706207771e-11 2.364706533808587701e+05
3.500000000000000333e-02 6.950511299339999694e-16 -1.446420597770000109e+06 -7.460698725481051952e-14 -7.717425032035298645e+05 2.195332038762240519e-11 -5.530138731041793944e+05 1.854677067230168608e-11 6.986476739645462658e+04 6.395438162862651621e-11 2.579554056509342627e+05
3.599999999999999728e-02 6.950511299339999694e-16 -1.446409718580000103e+06 -7.460698725481051952e-14 -7.717425032035298645e+05 2.258055811298304256e-11 -5.688142694785844069e+05 1.962172636024732886e-11 7.391407228228994063e+04 6.959430039102500297e-11 2.807036129690958187e+05
3.699999999999999817e-02 6.950511299339999694e-16 -1.446398839380000019e+06 -7.460698725481051952e-14 -7.717425032035298645e+05 2.320779583834368317e-11 -5.846146658529895358e+05 2.072696249010693946e-11 7.807744209448681795e+04 7.555641498856717528e-11 3.047513740510033094e+05
3.799999999999999906e-02 0.000000000000000000e+00 -1.446397068949999986e+06 -7.460698725481051952e-14 -7.717425032035298645e+05 2.383503356370432378e-11 -6.004150622273946647e+05 2.186247906188051465e-11 8.235487683304527309e+04 8.184967530556252827e-11 3.301347876123163151e+05
3.899999999999999994e-02 2.158304229450000097e-02 2.705298460920000161e-02 -7.460698725481051952e-14 -7.717425032035298645e+05 2.446227128906496439e-11 -6.162154586017997935e+05 2.302827607556805119e-11 8.674637649796527694e+04 8.848303122632058290e-11 3.568899523686942412e+05
4.000000000000000083e-02 1.142154239440000031e-02 4.457475180179999719e-02 -7.460698725481051952e-14 -7.717425032035298645e+05 2.508950901442560500e-11 -6.320158549762049224e+05 2.422435353116954587e-11 9.125194108924684406e+04 9.546543263515093770e-11 3.850529670357969007e+05
4.100000000000000172e-02 1.260042494350000018e-03 6.209651899440000317e-02 -7.460698725481051952e-14 -7.717425032035298645e+05 2.571674673978624561e-11 -6.478162513506100513e+05 2.545071142868500837e-11 9.587157060688997444e+04 1.028058294163631007e-10 4.146599303292836994e+05
4.200000000000000261e-02 0.000000000000000000e+00 5.451451084419999676e-02 -7.460698725481051952e-14 -7.717425032035298645e+05 2.634398446514688622e-11 -6.636166477250151802e+05 2.670734976811442576e-11 1.006052650508946535e+05 1.105131714542666058e-10 4.457469409648143919e+05
4.299999999999999656e-02 0.000000000000000000e+00 4.337894710669999709e-02 -7.460698725481051952e-14 -7.717425032035298645e+05 2.697122219050752037e-11 -6.794170440994201927e+05 2.799426854945780128e-11 1.054530244212608668e+05 1.185964086331709870e-10 4.783500976580482675e+05
4.399999999999999745e-02 2.555348558829999877e-05 3.082565718389999876e-02 -7.460698725481051952e-14 -7.717425032035298645e+05 2.759845991586816098e-11 -6.952174404738254379e+05 2.931146777271514462e-11 1.104148487179886724e+05 1.270644908373858685e-10 5.125054991246454883e+05
4.499999999999999833e-02 1.015945481789999990e-04 1.547127933540000042e-02 -7.460698725481051952e-14 -7.717425032035298645e+05 2.822569764122880159e-11 -7.110178368482305668e+05 3.065894743788645579e-11 1.154907379410780268e+05 1.359263679512207325e-10 5.482492440802652854e+05
4.599999999999999922e-02 1.776356107690000078e-04 1.169014868139999977e-04 -7.460698725481051952e-14 -7.717425032035298645e+05 2.885293536658944220e-11 -7.268182332226356957e+05 3.203670754497172508e-11 1.206806920905289444e+05 1.451909898589851519e-10 5.856174312405674718e+05
4.700000000000000011e-02 1.502798097369999880e-04 -3.087596913919999839e-02 -7.460698725481051952e-14 -7.717425032035298645e+05 2.948017309195008281e-11 -7.426186295970408246e+05 3.344474809397095249e-11 1.259847111663414253e+05 1.548673064449886732e-10 6.246461593212113949e+05
4.800000000000000100e-02 9.644140951570000361e-05 -6.587426044869999775e-02 -7.460698725481051952e-14 -7.717425032035298645e+05 3.010741081731072342e-11 -7.584190259714459535e+05 3.488306908488414450e-11 1.314027951685154694e+05 1.649642675935407918e-10 6.653715270378568675e+05
4.900000000000000189e-02 4.260300929400000279e-05 -1.008725517580000008e-01 -7.460698725481051952e-14 -7.717425032035298645e+05 3.073464854267136403e-11 -7.742194223458510824e+05 3.635167051771130756e-11 1.369349440970510768e+05 1.754908231889511578e-10 7.078296331061635865e+05
5.000000000000000278e-02 0.000000000000000000e+00 -1.458317495710000078e-01 -7.460698725481051952e-14 -7.717425032035298645e+05 3.136188626803200464e-11 -7.900198187202562112e+05 3.785055239245242229e-11 1.425811579519482329e+05 1.864559231155291887e-10 7.520565762417907827e+05
5.099999999999999672e-02 9.296527296570000344e-32 7.489929265240000095e+05 -7.460698725481051952e-14 -7.717425032035298645e+05 3.198912399339264525e-11 -8.058202150946612237e+05 3.937971470910748868e-11 1.483414367332068796e+05 1.978685172575844056e-10 7.980884551603979198e+05
5.199999999999999761e-02 2.027957437329999992e-14 7.489128898770000087e+05 -7.460698725481051952e-14 -7.717425032035298645e+05 3.261636171875328586e-11 -8.216206114690663526e+05 4.093915746767653259e-11 1.542157804408271622e+05 2.097375554994265621e-10 8.459613685776455095e+05
5.299999999999999850e-02 0.000000000000000000e+00 7.486193273389999522e+05 -7.460698725481051952e-14 -7.717425032035298645e+05 3.324359944411392647e-11 -8.374210078434714815e+05 4.252888066815953462e-11 1.602041890748089936e+05 2.220719877253650240e-10 8.957114152091924334e+05
5.399999999999999939e-02 -2.027957437329999992e-14 7.482176307599999709e+05 -7.460698725481051952e-14 -7.717425032035298645e+05 3.387083716947456708e-11 -8.532214042178766103e+05 4.414888431055649478e-11 1.663066626351523737e+05 2.348807638197094416e-10 9.473746937706985045e+05
5.500000000000000028e-02 -5.069893593320000180e-15 7.478159341809999896e+05 -7.460698725481051952e-14 -7.717425032035298645e+05 3.449807489483520769e-11 -8.690218005922817392e+05 4.579916839486741953e-11 1.725232011218573025e+05 2.481728336667693099e-10 1.000987302977823303e+06
5.600000000000000117e-02 1.843645351429999911e-13 7.469717901729999576e+05 -7.460698725481051952e-14 -7.717425032035298645e+05 3.512531262019584830e-11 -8.848221969666868681e+05 4.747973292109231533e-11 1.788538045349238382e+05 2.619571471508541500e-10 1.056585341546226526e+06
5.700000000000000205e-02 0.000000000000000000e+00 7.460309406050000107e+05 -7.460698725481051952e-14 -7.717425032035298645e+05 3.575255034555648891e-11 -9.006225933410921134e+05 4.919057788923116280e-11 1.852984728743518936e+05 2.762426541562735604e-10 1.114204908191567753e+06
